1.748738182742382037e+02 -1.093970030471989594e+05 2.561015232942193687e-01 2.623475302147516231e+03 1.225175688079804104e+02 3.649791160818173896e+00 7.855426237714736859e-02 1.816782458991000326e-01 -3.223944186668091429e-03 -1.104683404674710268e+00 1.701099241603733214e-01 4.610914846916445708e-01 2.570457131711480908e-02 5.273914681998239339e-03 1.854949457339777341e-01 4.125559984494935224e-03 -1.765073594120545319e-01 -6.996735076042583101e-02 4.310955254174635848e-02 5.898034281314919192e-02 2.179513210188112893e-01 5.495130517703993023e-02 -4.040213496258768938e-02 -7.802412617377452869e-03 -1.642744974145645132e-01 6.727059240999060108e-02 3.334778183557873255e-01 1.708532520956158873e-01 1.031150059298820490e-02 3.745061619511112772e-02 -5.395281060177674615e-01 7.460101672095225123e-01 -5.907408820976746931e-03 1.451878988861731168e+00 4.284311631213005150e-02 -2.945449424679645656e+00 6.433911311855221304e-02 6.462854479987554246e-01 -9.374070766250787445e-02 -2.259400868533901000e-03 7.544739267586000886e-02 2.204657798472315633e-01 1.119430930326074242e-01 -2.063741216253837385e-01 7.439868854870770182e-03 -2.265384444827421018e-01 2.003922357326538145e-02 5.117012992620217221e-02 -4.244659019488349755e-03 -1.752891378927205202e-01 -5.865045256221973480e-02 9.832043465624880352e-02 1.822710015473226197e-01 1.508088180826633318e+00 1.899806426162530537e-01 -1.128933771801857305e-01 -1.879194236555381980e+00 3.199279717690637348e-01 -2.590918147643998110e-02 -4.513688065065462642e-03 -2.296049376891051361e-02 3.740813550635237877e-03 -3.187899222443438957e-02 5.561236050777085271e-02 -2.277066955763545897e-04 1.205766745071644441e-02 8.364093182377425190e-03 6.166538432123166297e-03 2.071095977703897931e-02 3.813097331619512333e-03 -1.121881042682052907e-03 -1.023140408482649949e-02 4.527733030439284705e-03 -4.380976246772133077e-04 1.736194305258414398e-03 7.665088065988655969e-03 -8.634146026572172075e-03 5.939856495048190677e-04 -1.619614649963599829e-04 -8.516643297765672969e-04 -3.341038474851854619e-03 3.329090039877666968e-03 -3.199999515592918432e-03 3.657354828175225694e-04 -1.514649953791094355e-03 1.636561504734896852e-02 -5.047621878334699642e-03 -2.651380062041709500e-03 -1.191978278155082956e-03 -7.461067282088477970e-02 -3.254695570223174392e-03 1.808002213841479965e-04 -2.325200869825493240e-03 1.865365089319816639e-03 8.881272432032974451e-03 3.332045441183946639e-03 1.353612495583437700e-02 7.356759467196079608e-04 6.432954097290229534e-04 -7.456363801451885466e-03 -2.087439687424493592e-03 2.169476713708456527e-03 1.650630267901959797e-02 -5.937526154902489535e-03 -4.068933485296325858e-04 1.146165001074104552e-03
-1.093970030471989594e+05 1.119191538646180344e+10 1.463625795967469230e+03 2.818002090095554478e+06 -4.524360227569009876e+05 -2.179347588444874782e+04 -9.085182840735649279e+01 -2.546058461301871034e+01 7.928550442050944724e+00 1.900805310475487431e+03 -3.752505604516921949e+02 -1.092278444830540820e+03 -2.301550785309154890e+02 -7.772482569184814949e+00 -8.696488151481619866e+01 1.842913635858221255e+02 1.398714451654724655e+02 1.216226239096855579e+02 2.409784501258775720e+02 3.740276962863051153e+02 -5.991720440025842720e+01 1.877721703725601969e+02 1.557674930906132431e+02 -3.906248313422031515e+02 -1.630527612544257750e+02 -4.809439636418906616e+01 -4.729170299120147547e+01 -4.849556809361862406e+02 8.410490925215447078e+01 -5.441549811141805293e+01 -2.400840763885994988e+02 -5.821314047288802840e+02 -8.156804127083754352e-01 -1.247660517493089628e+03 3.637772772073521566e+01 1.737751411454351455e+03 4.974169700334686013e+02 -4.409385065738789535e+02 3.110262772636926343e+02 7.748307086516311060e+00 2.764387401688309751e+02 -6.971472625835149302e+02 -6.432244677701443152e+02 5.713310967012916990e+02 3.176180994653389575e+02 -1.238256844712471434e+02 3.104980948845809507e+01 -5.464735215179622401e+02 2.594505432522085471e+02 1.192051980013898742e+02 1.029494721669543935e+02 9.288972382095533931e+01 -7.903633107276466774e+01 -9.653859046350257813e+02 3.704498323781311910e+02 4.137796233867522915e+02 4.278310894333731085e+02 1.287359492848203502e+02 -3.754105898480526662e+02 -6.717795542474659669e+02 -9.599421840085809663e+02 3.640555881503532873e+03 4.532661306426967229e+01 -2.054160756311719524e+03 -1.784689693131704225e+00 -5.119648305977957392e+01 -2.092203779972439648e+01 7.303177964738179639e+01 1.659638505884831545e+02 -1.172335643753980472e+00 -4.051618185439055608e+00 2.006648292628432841e+02 -2.531823812668410767e+01 2.061982391638993661e+00 -2.161676072077265331e+01 -4.281030409820523630e+01 1.582340989944582645e+02 2.206635676956687675e+01 -5.550417046554616540e+00 1.561747714113871410e+01 2.014966482451626106e+01 -1.872069928328639277e+00 -5.778725265074456274e+01 -9.832512849350456108e+00 -4.250557589535081604e+01 -2.830980924242558761e+00 5.753687557517088891e+01 1.261266274461014802e+01 8.228500987520437349e+00 1.883709795663059822e+03 1.124173560740257187e+02 4.240381158823367969e+00 8.247717230497110563e+01 -1.425796616754279569e+02 -6.133417826068884082e+00 -4.280912814263746213e+01 5.069919394127362722e+01 -8.527521216504659662e+00 -7.113604384318047380e+01 1.010829659538909908e-01 -2.379179900907236078e+00 1.673862065656792808e+01 -2.318731185804819688e+03 -5.069076433839673967e+01 1.008359712948578490e+01 3.560290054851370201e+01
2.561015232942193687e-01 1.463625795967469230e+03 2.112289887435532809e-01 4.296935388938774025e+00 2.460501827141622577e+00 1.053132998545710075e+00 -7.678226898827304053e-04 -4.831083170304791008e-03 1.118699740230947566e-05 -3.921847826737874347e-03 4.604140787168383049e-03 1.251674338563176642e-02 -2.101959667258472032e-03 1.472837072311372019e-05 -5.524086186737477144e-03 1.823255642269025045e-03 2.681115111719957044e-04 4.441542729806593343e-04 4.645328489676211147e-04 1.191087940433807179e-03 2.442711846103596662e-03 1.607913202258997405e-03 -2.243488558940044068e-03 -1.342504419729926386e-03 -1.869574328363436634e-03 2.694314749753098318e-04 8.196606271252234593e-03 -2.778321020872591245e-03 1.236198488652467270e-04 8.347310216576236258e-04 -9.432267553027312568e-03 -3.283100087865487016e-02 -2.539271425820940637e-04 7.928991583941596977e-02 -1.716273634731138890e-03 -2.278478932324234235e-02 -7.665213346576950013e-03 -1.403871151365262276e-02 -3.705419319464699907e-02 1.110828258911453946e-04 3.564633714068971698e-02 -1.628828251731914960e-03 8.781981521724623041e-03 1.074604986324335411e-02 5.043301827370390115e-03 -1.701118199591113850e-02 -2.546873524558144596e-03 -1.049861647978435342e-02 4.009181792674007712e-03 -2.506978672204114838e-03 -1.705091172210025912e-03 1.412672750880292726e-02 -5.512899189336322586e-03 1.144566631202816320e-01 -2.589728617194467231e-02 -1.922538855253782620e-03 -9.269396139225127146e-03 -4.257181031055631837e-02 -3.479563164331397895e-02 -1.392204275640076486e-04 -5.064873751298980828e-04 -1.365243045586976914e-02 -2.673149426672133270e-04 1.456545320123033005e-02 5.544518196423370830e-05 -3.057810642667109632e-05 9.611474157679791592e-05 -5.195106027202587304e-05 -2.494335779966213988e-04 -2.527292497608013273e-04 3.130349448193012858e-05 7.019245103472695005e-05 -2.114108299338348014e-04 -1.014984780339051268e-04 -5.136874974567291058e-04 1.934299084919546331e-04 1.161925075103852133e-04 -1.566592272954607924e-04 -2.088474686417101159e-05 -1.145451388538972339e-04 -6.785403556976212308e-06 -3.595771230054816987e-05 5.519243976628287422e-04 1.692349814156769022e-04 3.852546349215990286e-05 1.177915040448949176e-07 -4.181658439832656722e-04 -3.464801594069731388e-05 -7.730355095757614030e-05 2.721078019252410902e-03 5.672559059188410986e-06 -3.263462170636150162e-05 -6.816867893561576457e-05 -3.360988041855624952e-04 3.032987235274404772e-05 8.366622237414629993e-06 -3.810634784554769051e-04 -3.595771230053520687e-05 -1.048817306387363354e-04 -7.975351064519516238e-05 -1.403814466213465647e-04 -1.190730446859104521e-04 -1.464162686955800159e-03 5.063883139501749298e-05 7.675358389969597051e-05 8.230937474304870789e-04
2.623475302147516231e+03 2.818002090095554478e+06 4.296935388938774025e+00 5.341636187370687723e+07 -1.941203075048599567e+05 2.393741214597264388e+03 -2.567310204449776379e+01 -2.471405214334347278e+01 -3.053651828816762379e-02 -7.142749621423674000e+01 8.736452877070141199e+01 5.026713353998975009e+01 -2.037911843113003840e+01 1.618141536820222048e-01 4.430828887122935100e+00 -6.348292728088023029e-02 -4.970360435845933011e+00 -1.614094778144168796e+00 -8.322974610463788059e-01 -1.515633782505759974e+00 -2.851321815747500210e+00 2.971628985851201832e-02 -1.581360445565551487e+01 -1.811206968152703567e+01 6.921959981674285167e+00 2.303471216443182712e+01 -6.662164659589706162e+01 1.429606954470362368e+01 1.319195313171259265e+00 1.355144757867851126e+02 -6.872161714698989954e+01 2.770843579486199104e+01 -1.120440417262315469e+00 -4.386918820236910932e+01 2.601448326232492114e+00 1.406746958725033636e+01 1.252195677256062289e+00 -6.399207659584911223e-01 -2.670230883686472723e+01 -1.800998165002402895e-01 -4.483022250419364241e+01 3.284279028031104275e+01 1.162631504792019932e-01 -5.263225249781671167e+00 -1.823852947854895135e+01 -1.144943055110941721e+01 5.058228878966191111e-01 1.108406552192898147e+02 -1.469343568144302026e+01 1.475348038929812233e+01 -1.984262308231811645e+01 -2.225942909533689829e+01 4.400292368834928247e+00 -2.690809180776361131e+01 4.751628269216251255e+01 -4.532851504302020107e-01 -6.527130146559594337e+00 3.585365042206341002e+00 -1.721314062961816660e+01 -2.522249689570588149e-02 8.578553606221062111e+00 -4.975440192411777041e+00 7.349910766956032626e-01 -4.312881993612982079e+00 -2.557238526166113468e-01 7.906396020844199679e-01 -2.207768263921317420e+00 -1.797947877728068300e-01 -2.569489681789584257e+00 3.065796806579542899e+00 -1.755719819908337920e-01 3.547061935632224161e-01 -1.635257887073569227e+00 -1.212703152749930124e+00 -1.958349653626809239e+00 -2.654421711428936459e-02 -1.888701146489947247e-01 -7.254886857154563273e-01 -5.089419714695245234e-03 -1.851892362149297477e-01 -7.630847502043280883e-01 -1.460601841504451937e-01 7.211110910796111995e+00 1.455115230072908661e-01 -5.278986955529088032e-01 -2.057192758094458007e+00 -2.872494224156303400e-01 1.690677613597136419e+00 -3.500207935710981100e-01 1.996295624680643199e-01 -1.894350991962639452e-01 -6.616245629099423708e-02 -3.435236051093814580e-01 -4.785117653724509701e+00 -4.955242567490077410e-01 -4.218737280558825242e-01 -4.989464557961608149e-01 -2.872647567490099751e-01 2.578876613925564776e+00 9.856328898873472077e-01 -4.894052523537053556e-01 -3.601996330004695879e-01 -8.409704681023951522e+00 3.372990026097445471e-01 -5.531348515878981020e-01 1.499775925005485000e+01
1.225175688079804104e+02 -4.524360227569009876e+05 2.460501827141622577e+00 -1.941203075048599567e+05 1.565146126350216218e+05 8.639618475618904370e+01 -5.032970449474882813e-02 7.220482520933837467e-01 -1.080231438331836526e-02 -2.328673653696795576e+00 8.467785501695355155e-01 1.525865864632967028e+00 -2.380376731167153648e-01 -2.520540022776693659e-02 -4.416439209762561546e-01 -3.523545483375828402e-02 -3.787073227585469604e-01 -3.675236275756791904e-01 -1.597071210128515537e-02 1.735392503884883031e-01 1.388263164303061570e-01 -4.438263028414926592e-01 1.982629099757793889e-01 -9.676154444154081435e-01 7.739633928541103103e-01 1.295940860572749154e+00 -1.899802894080375726e+00 1.814524135051377662e+00 2.929552690579692240e-02 1.250061610120810407e+00 -1.565732243692860459e+00 -6.640460559166821985e-01 -8.868505075672983295e-02 2.967536110874685829e+00 -1.501120154953808072e-01 -2.551371232063173178e+00 -3.481547633700549094e-02 5.214937196949086529e-01 -1.187097079779021014e+00 4.346065255318418141e-02 2.023052823197863948e-01 2.110984508519713199e+00 -2.772440123514298693e-01 -6.381442952075433439e-01 -3.543033420378763898e-01 -2.169964332566554965e+00 -1.351190326677950415e-01 2.092059068400500710e+00 -3.035941730856676068e-01 1.329707064882768464e+00 3.790692662754586995e-02 -2.985110002480465541e-01 -4.524462353595406494e-01 3.313517256021170532e+00 1.465099736577655687e+00 -1.501519156941873989e-01 -2.335619977577646722e+00 -2.107472722578978441e+00 -1.853723767475841944e-01 -3.129467169057527087e-01 1.680351570868077182e-01 -1.168149573304695821e+00 7.718784152887403494e-03 1.305342348971426425e+00 2.895717304613742993e-03 9.435327527118486657e-02 2.370640361475542246e-01 -5.200962606650072484e-02 -4.123577368726567133e-02 -1.199523046508827462e-01 -6.932127203707781626e-02 -1.118469977493054823e-01 -2.404996411647172122e-02 -1.071422152002587530e-01 -9.713861152676712962e-02 2.171975787671114322e-01 -6.241139211075677484e-02 -2.614921042661016645e-02 7.344274684063197001e-02 4.217212486733012966e-02 1.141785766480712949e-02 -3.578748245284144036e-02 1.383880011638648488e-01 4.202091709672744341e-02 -2.455604986737955353e-03 -1.546966223272446816e-01 -1.811782623111964641e-01 -7.478096222307957508e-02 -3.826140747967171629e-02 -6.399599063094260076e-01 5.347569357221586273e-02 -2.340501449720011271e-02 4.995260591573853770e-03 -2.932339847622809914e-02 -1.575530156557821693e-01 -8.012358642044353774e-02 -7.804800807748327185e-02 -3.578748245284626983e-02 2.536444988056464900e-01 4.675238402744406885e-02 -4.478941110561449057e-02 1.023452941867065424e-01 5.825446171724240063e-01 6.612889452340764418e-02 -4.884348970475308610e-02 3.674121240492634888e-01
3.649791160818173896e+00 -2.179347588444874782e+04 1.053132998545710075e+00 2.393741214597264388e+03 8.639618475618904370e+01 1.438618628095949532e+02 5.241613613092534207e-03 2.150357246859848845e-02 -2.516186388168387307e-03 -1.985694761924855500e-02 2.091060731263799100e-01 2.730229246306602464e-01 -6.598857387943893316e-02 -2.902324913119203910e-03 -4.176101510387152382e-01 -7.237356315204349078e-02 -1.846986867197376037e-01 -4.808793011362547803e-02 -5.760822095700265932e-03 -2.501804698207863754e-03 3.941039683323100708e-03 -1.272710379062977695e-02 -1.927483966946206065e-03 4.508330842463473265e-02 1.714592881037407812e-01 3.447241907386300319e-02 2.270019871381209753e-01 6.682408638164145931e-02 -3.306423369463255737e-03 7.160755527886619731e-02 -2.890058661778416860e-01 2.311008741538035649e-01 -4.244438820252749087e-04 7.010684586157793774e-01 -6.916711673391822638e-04 -7.477382383370441143e-01 2.792703661804353619e-03 -1.861076830448540609e-01 -2.485498256451211530e-01 3.503393113637788027e-04 2.524102350106440240e-01 3.741825451702641137e-01 2.095598057468257003e-01 -4.847150751571422528e-02 6.676588917880835194e-02 -4.623492259178065833e-01 -2.837836694498334367e-02 7.241011222330499819e-02 4.345937936952166264e-02 9.183965165541499442e-03 -4.447466834146114600e-02 2.240276606157324546e-01 -4.201263374269915696e-01 9.543446356893181548e-01 2.745833769349991793e-01 -6.819873739240235599e-02 -8.993691360291605763e-01 -1.364709058579812936e-02 -2.477130486171086055e-01 5.318445771974654110e-03 -1.757428310093142251e-02 -1.162152767787456159e-01 1.364137731170211908e-03 1.271069763765162453e-01 -4.788062730007465982e-04 -1.651562303277618379e-03 -6.538594029374331096e-03 3.109481114980228557e-04 -4.230260248568291394e-03 8.116213645724562956e-03 -1.575647994629491948e-04 -7.759400512152168396e-03 3.496584833523932664e-03 3.458734583552554136e-03 -4.041667224096417294e-03 2.207999463401765297e-03 -2.007892840054523393e-04 -5.006746275590003362e-03 4.130784220404882688e-05 -1.451041807359802847e-03 -6.261983596229450406e-04 -8.653067455479588038e-04 -1.989658011756275258e-04 3.103610538765705362e-03 1.839700220644278558e-03 1.802360057161013366e-03 -2.813235406501763541e-03 4.954086718246521193e-03 4.133197204383695427e-04 2.052667437722174165e-02 -2.591376801620396634e-03 1.424222559469634193e-03 -2.817671937173651074e-03 -5.527181103855578585e-03 -2.004676546216537653e-03 2.888439564800486352e-03 -2.728823728954655331e-03 3.290286920899875142e-04 5.853276035043347703e-03 -4.525647667807524387e-03 2.002894297923576723e-03 -1.415001295375052041e-03 -1.606092369149363444e-02 -6.630203424322618153e-03 1.938479843306445839e-03 1.561376416154446056e-02
7.855426237714736859e-02 -9.085182840735649279e+01 -7.678226898827304053e-04 -2.567310204449776379e+01 -5.032970449474882813e-02 5.241613613092534207e-03 2.821845218103157665e-02 -1.942265030805734359e-03 -4.785225102163513089e-06 -2.005131711466818026e-02 -1.242874698352608963e-03 -2.341144675795724800e-03 -1.174583269387148750e-03 -1.116552523838020804e-05 -1.450316641669192495e-03 -5.128474318654555920e-04 -6.168427612591544963e-04 -2.023614083601904935e-04 -1.221734500469089709e-04 -2.134882854858519586e-04 -4.548453154337989807e-04 -3.231464838164754480e-04 6.979758443079672747e-04 -8.385760533794378623e-05 1.123745851559357963e-03 3.998901630547244753e-05 -7.136677925154055920e-04 2.606997079236030176e-05 -3.828180081730697307e-05 1.630385942846525012e-04 1.230693057689337400e-03 1.594265661025418956e-03 7.580252097578810751e-05 -1.258473143615856807e-03 -8.084889901098410133e-05 -5.902787639782855434e-04 -6.646256853011528075e-05 3.259951931344686892e-04 6.582899810520679781e-03 2.991144166608650538e-04 -1.621113222418788663e-03 1.034151544332527917e-03 -5.428806356162997528e-04 -4.325222578952218509e-04 -1.178556009447333415e-03 -1.582014939220662691e-03 -1.068950622719160839e-04 1.093782326049455838e-03 2.595120568953423784e-04 -2.859037782085943353e-03 1.152911915846915186e-03 -6.442502945779417581e-04 -1.455101866771634595e-03 -6.715631157520743962e-04 1.954737564036180836e-03 -7.586419432382461385e-05 -1.802832157412061773e-03 1.047724615083087639e-03 -4.522027116317453577e-04 3.581664585246119282e-04 3.517716764588125935e-04 2.215681945595882572e-03 -1.276279152692548597e-05 -2.912857289053303895e-03 -1.530342276517966435e-05 -8.720555507431598157e-05 -3.895274420821302883e-05 2.353556835954715419e-05 -2.008222734602956025e-05 -5.186497359707291306e-05 -2.562134050597802203e-05 -1.970670249189336858e-05 1.473903985670413636e-05 1.921949082403354687e-06 4.363205592295191617e-05 -2.567141048653619271e-05 -1.380348634567026900e-05 -3.279917815921967907e-05 -7.975375170272490757e-07 -8.797947677576876998e-06 -1.846853784301753234e-05 -1.203816772624222625e-05 -9.493558168836938602e-05 2.478015352970599415e-05 -2.325376294518738971e-05 -3.504016159390533367e-05 -6.881354137688492452e-05 7.906690720770505473e-06 1.971812435977276097e-05 -4.491874478437790771e-04 8.552599121392732499e-06 -1.036798772135895426e-05 -2.317865797435130089e-05 1.898295801872337612e-04 -2.040910139436494049e-05 3.717304038666200311e-06 1.834414403549324305e-04 -1.203816772624353407e-05 -3.805506673006694133e-05 -4.827784585635413512e-05 -1.602585531137758733e-05 -1.600082032109730089e-05 7.557885866608754456e-04 1.548508821843727019e-05 -1.527838777490445334e-05 -5.107256241134958287e-05
1.816782458991000326e-01 -2.546058461301871034e+01 -4.831083170304791008e-03 -2.471405214334347278e+01 7.220482520933837467e-01 2.150357246859848845e-02 -1.942265030805734359e-03 5.955342154978075092e-02 -1.209189573892975906e-05 -4.429137032860163553e-02 -2.351564962356134016e-03 -4.987223493057494836e-03 -2.525112146562617007e-03 -2.821442339083638908e-05 -3.415579269269310159e-03 -7.439411700190847734e-04 -1.146486624458724910e-03 -2.362780119802608352e-04 -2.319291371403079207e-04 -3.654646967115782641e-04 -3.667627818785274951e-04 -2.723615661073108124e-04 7.055408184424777959e-04 -3.333849238590991585e-05 3.394738603983882882e-03 -1.447328131140383496e-04 -4.575694906353661336e-03 6.814492492826272965e-03 3.976031267582811257e-05 -4.313336791554388630e-04 -2.406208348626441909e-03 2.842509348938308811e-03 -5.289465171587236149e-05 2.148181961197776196e-04 -1.537865593776682575e-04 -3.805040689839221755e-03 1.527261130547815206e-04 8.016682428205626574e-04 1.668746659691219434e-03 -1.879208208005481853e-05 -3.360856014478576931e-03 -2.073072973464220713e-03 -9.087893055733289177e-04 -1.099336256532568645e-03 -3.373399806409072780e-03 -5.201645012338926505e-04 -2.686912606847992064e-04 1.283644760316664420e-02 7.799799388251668283e-03 -6.963634168244821517e-03 -6.934073973329114154e-04 4.028212799310033291e-04 -3.427671165009676252e-03 -9.898297281829690139e-04 3.239240150777857648e-04 -5.531556307659121026e-04 -2.769005488927674553e-03 2.626998033870845111e-03 1.361068798927966318e-03 4.592154874591559532e-04 -9.070308887208643374e-04 2.992381902178205526e-03 -2.097463311927176945e-04 -2.334820169723987072e-03 -3.012453826433423925e-05 -8.469457174200788999e-05 -8.792446305032035748e-05 -1.101355385936835023e-04 -5.252341699069919788e-05 -2.726285074649930745e-05 -2.492193102151291992e-05 -3.881570961625062794e-05 -1.093992144804440734e-05 3.809190049880418431e-05 -6.059468133613971162e-05 -2.219977605187544676e-05 -1.446411599439810668e-05 2.518796466371099046e-05 -2.015315956487696019e-06 1.331647161026028352e-05 -5.423009928291138793e-06 -2.614650689286312265e-05 -1.246439865727813883e-04 -1.880208259954731291e-05 -5.163877531406220120e-05 -1.078885204602482981e-04 -2.457199630734563752e-05 -8.844219990851337238e-05 5.703373996663516066e-07 -5.614820205186944659e-04 6.479783655650886258e-06 7.924762212467833722e-06 -2.159813812169671302e-05 -5.352326026982540846e-05 -1.833694628287523798e-05 -7.113769640725310628e-05 2.540139776440012519e-05 -2.614650689285737299e-05 -1.596011963267607759e-04 -2.953290085366080026e-05 -3.622308667529761068e-05 -3.460294513288360969e-06 2.232980288978877147e-03 -2.383385676369583053e-05 -3.148561574917096512e-05 -2.994174786132323897e-04
-3.223944186668091429e-03 7.928550442050944724e+00 1.118699740230947566e-05 -3.053651828816762379e-02 -1.080231438331836526e-02 -2.516186388168387307e-03 -4.785225102163513089e-06 -1.209189573892975906e-05 2.046880037451402276e-04 -1.476702061815367967e-04 -3.984620133147459133e-06 -1.482499546075233423e-05 -7.739181367159561753e-06 -1.288329835198223636e-07 -1.346304677781791985e-05 2.689081785776307925e-05 2.488470425726449920e-05 -3.386466995379530391e-06 -1.297532191164613289e-06 -2.576659670395634968e-06 2.913619271342820984e-05 -4.067441336842657420e-06 -6.846552838484493566e-06 -8.466167488444959271e-06 -2.571138256817967547e-05 -8.098073249822086629e-07 -3.876799195752933123e-05 -6.423244464061599740e-06 -4.417130863537789015e-07 -1.196306275540877002e-06 1.907955136888105489e-05 1.197840001535063025e-06 -1.196306275541508888e-07 -3.452570585729602617e-05 -3.165610452203443371e-06 5.194423197438338994e-05 -7.932430842437121864e-06 -7.398694196422287965e-06 -2.732179486218017669e-05 -7.361884772559610325e-08 -2.641996397753334824e-05 -1.717159623199398177e-05 -7.113421161489586257e-06 -1.060111407248426423e-05 -1.456732949370646317e-05 -2.658560638490724631e-05 -1.214710987472200681e-06 -1.865317554248464090e-05 -3.634930606454381487e-06 -2.192001191030116552e-05 -5.272949968344129099e-06 -1.067473292021742281e-05 1.912249569672411925e-04 -6.041346691484801150e-05 -2.766074830689332396e-05 -7.720776655222553211e-06 9.508487674158040410e-05 -2.671443936843486593e-05 2.742455450379209926e-05 -2.318993703356443615e-06 -6.248399700713001356e-06 4.573877660150387029e-05 -2.079732448248924072e-06 -3.509165074923257637e-05 -6.441649175990999067e-08 -7.269861212899983901e-07 -4.693201542509399685e-07 -4.785225102166129785e-07 -5.705460698732973391e-07 -5.797484258391007393e-07 -2.208565431768895037e-07 -8.466167488449875239e-07 -4.877248661822853003e-07 -1.472376954511887125e-07 -7.361884772557199457e-07 -1.840471193139298805e-07 -4.969272221479505283e-07 -3.036777468680481586e-07 -9.202355965699087735e-09 -8.282120369128516721e-08 -1.196306275541529535e-07 -8.282120369129088468e-08 -4.785225102166105433e-07 -2.024518312455676505e-07 -1.748447633482708201e-07 -3.680942386278607140e-07 -6.257602056674484783e-07 -3.036777468680654169e-07 -1.288329835198216754e-07 -4.978474577441942256e-06 -2.576659670396444625e-07 -1.196306275541539064e-07 -2.300588991426333733e-07 -1.168699207644941168e-06 -4.049036624910771734e-07 -2.760706789710040881e-07 -8.650214607763038978e-07 -8.282120369131101495e-08 -5.337366460106248866e-07 -2.392612551083058540e-07 -1.288329835198217548e-07 -1.472376954511926300e-07 2.261018860774213790e-05 -5.153319340792883957e-07 -8.282120369128622600e-08 -3.690144742246046055e-06
-1.104683404674710268e+00 1.900805310475487431e+03 -3.921847826737874347e-03 -7.142749621423674000e+01 -2.328673653696795576e+00 -1.985694761924855500e-02 -2.005131711466818026e-02 -4.429137032860163553e-02 -1.476702061815367967e-04 2.084808349272358752e-01 -2.265176460201477268e-02 -5.376618958802638348e-02 -2.743203857257235992e-02 -3.445638144237151410e-04 -3.979592070076708871e-02 1.043131806731925062e-03 2.865445048497853621e-03 7.444339281844765096e-04 4.947058691454104965e-04 9.054330794550799694e-04 -9.937764327225602923e-04 7.842150357153880027e-04 -5.020775590264752548e-04 1.248513966037093775e-03 -3.012782256598282426e-03 -2.666743529440175359e-03 1.094195849182471800e-02 -8.213244591434387329e-03 1.835931364197244909e-04 -3.472913491504029965e-03 -3.498925012907474954e-04 -7.950502634099029927e-04 -2.460847403249862350e-05 -1.404792815657873555e-02 1.407793152722001668e-04 1.731636739587813154e-02 8.480055588169200208e-04 -3.437565375944607975e-03 5.004487266526309007e-03 -2.185450487762418369e-04 9.748226890544170117e-03 -1.519751414890586471e-03 -7.651991711443888525e-03 9.111058965482457875e-03 1.516498035055824367e-02 1.256705874429953074e-02 1.268078686496866472e-03 -1.543695054570384806e-02 -7.928672741850013167e-03 1.229124012936649683e-02 2.925668974617069533e-03 4.618702361711016745e-03 -3.994359090692908149e-02 -1.195625778663663222e-02 3.860960780841094127e-03 1.921236826220073905e-03 7.604903936318991621e-03 8.516825999398436623e-04 -2.282526356688490809e-03 -1.000744319242409227e-03 -3.656487275284465511e-04 -5.476148673722202502e-04 5.598031463567847577e-04 1.354204767786196945e-03 7.317201569832188445e-05 -1.303621474618141588e-04 -1.615595053226870310e-05 7.596732087722476068e-05 1.872142113227420746e-06 3.387480947806072347e-04 1.758101543074807325e-04 3.731417210938002419e-04 1.026478196023997510e-04 -3.937484925113898240e-05 8.718665672693074592e-05 -7.616074946108916601e-05 3.804550443974742246e-04 1.249241932691167736e-04 9.512168616547460090e-06 -1.066612712192546567e-04 4.952485899131113463e-05 2.065519594654685500e-05 1.900231796198726051e-05 -1.030314693351783026e-04 2.089694796310417088e-04 -8.337251797622008973e-05 3.495928921776400577e-04 9.808840065712141226e-05 5.574360991659370253e-05 2.644672033178085968e-03 5.241849196102834387e-05 5.541045272149433255e-05 1.262535950518126732e-04 4.916569422886767028e-04 1.245942630717542746e-04 2.813994812582400944e-05 8.505123150561873474e-05 2.065519594656785464e-05 -3.748230527822885624e-04 -3.255013229309333092e-04 -6.827943955799174508e-05 6.520207856039638146e-06 -4.983076972453680427e-03 1.855571523282984251e-04 7.972392381876596066e-05 -1.388677816586567841e-04
1.701099241603733214e-01 -3.752505604516921949e+02 4.604140787168383049e-03 8.736452877070141199e+01 8.467785501695355155e-01 2.091060731263799100e-01 -1.242874698352608963e-03 -2.351564962356134016e-03 -3.984620133147459133e-06 -2.265176460201477268e-02 3.190841098181027014e-02 -2.816726331627690885e-03 -1.391750434032811620e-03 -9.297446977346217692e-06 -1.440447886324169305e-03 -1.260400197944966957e-04 -4.387546728063603419e-04 -8.054129565595972984e-05 -4.146619419619234259e-05 -1.237657315085462196e-04 -4.423051837080942703e-05 -1.659642811714907385e-05 -9.999508790514713094e-05 -3.629676773282986555e-04 9.403795455192828258e-04 2.445630046077394790e-04 -6.780144693966339790e-04 -3.382588577075457473e-04 -3.187696106517970017e-05 1.242069733045893676e-03 -4.450436932059405131e-05 -6.189566206325118961e-04 -3.542561088987673682e-05 4.503681776275363265e-03 -1.328505544170323067e-04 -3.542385011765996489e-03 -1.504256853479985780e-04 -2.363829322270941178e-05 -2.240661126591897249e-03 -7.992053571001131137e-06 -7.862596915717518864e-04 6.061598590744266511e-03 7.148172445054687928e-04 -9.425821073355735574e-04 -1.270701379031662342e-03 -1.429166609984519002e-03 -9.034086965608919954e-05 -1.127427484513518138e-03 -6.087922354716559896e-04 4.811466199696481927e-03 -1.013534808043514441e-03 -6.259911627182810192e-04 -1.444432506457076631e-03 5.338246471913384722e-03 -1.462718042922368572e-03 -3.752854668221335165e-04 -1.602927662455954977e-03 -1.096103373849935999e-03 -8.012119258626929606e-04 -1.902000150099696823e-04 3.151488917904454300e-04 -1.827476390126722347e-03 -7.521409447785888777e-05 1.777741607823479916e-03 -2.072408384950371916e-05 5.582689062944923633e-05 -5.332993602105851733e-05 -3.989182794090928049e-05 2.016389773354604147e-04 2.373000116877234901e-05 -2.665538743981000624e-05 -5.108667960274739422e-05 -7.609195654656748646e-05 -8.652504763239623266e-06 4.712510709353783444e-05 7.301418146914574313e-05 -4.389926137874700963e-05 1.491552007268862141e-06 -6.641033555242728608e-07 5.959158236708715010e-05 -2.202947725584841607e-05 2.010925926668067159e-05 1.159192310559092274e-04 1.076983784319969220e-05 -2.601409738900018322e-05 -1.993860964386677255e-05 -3.514819907010934458e-05 -9.931432701589248889e-06 -1.465590043095665830e-05 -1.720242134221240270e-04 -2.395334740830271336e-05 -8.633343621822641515e-06 -2.196103734173331128e-05 -1.554131766518949867e-04 -2.724739871794422204e-05 3.760773172066054489e-05 -8.653875596055233925e-05 -1.401461038014018438e-05 1.233575956316097810e-04 1.078058066347826116e-04 8.503648178269338788e-05 1.813976250479389760e-05 -7.739825040828593201e-04 -1.646205189659451749e-05 1.475080581307833879e-05 7.530290925493416743e-04
4.610914846916445708e-01 -1.092278444830540820e+03 1.251674338563176642e-02 5.026713353998975009e+01 1.525865864632967028e+00 2.730229246306602464e-01 -2.341144675795724800e-03 -4.987223493057494836e-03 -1.482499546075233423e-05 -5.376618958802638348e-02 -2.816726331627690885e-03 7.118593930628741573e-02 -3.058605868286043590e-03 -3.459165607506238180e-05 -4.166632697984326561e-03 -2.418390589869483416e-04 -9.138228699537557414e-04 -4.174493463654230718e-04 7.630389591626770532e-05 -1.590248779174397689e-04 1.314481257143579156e-03 -1.440679741959673870e-04 -4.636143188149706765e-04 1.118487757386351159e-04 -1.017041982491652266e-03 4.016905700032622666e-04 1.936322713775161025e-03 -6.870162837330410057e-04 -1.185999636860207067e-04 2.531868387806286268e-03 -2.210038924239226925e-03 -1.444464315186637978e-03 4.595222187467391697e-06 1.375814022465449322e-02 1.721320159278535164e-05 -1.171449123662805444e-02 -6.779489304332001528e-04 5.695583381604461077e-05 -7.275450053915305526e-03 -2.291982997511948704e-05 6.532071054461610106e-03 1.646146241197065600e-03 1.070136973948692879e-02 -2.617765332910130215e-03 -3.485243868811065474e-03 -2.134503741529558511e-03 -3.293030694973698015e-04 1.138406849846699100e-03 -1.413921206230923239e-03 2.987978998274969274e-03 -1.313705626520341114e-03 -2.317024604373088840e-04 -4.181457693443499206e-03 1.384617565764406991e-02 -3.303803450720305384e-03 -6.105382864410423141e-04 -6.654477807794629586e-03 -3.193585270902209606e-03 -8.377084178882331826e-05 2.086756461181445729e-05 -3.130307027280519131e-04 -4.436275203525377915e-03 -3.238162308317290477e-04 5.052254572474424582e-03 -2.090974555445503856e-06 3.252882591328709974e-05 -5.258037004490548577e-05 1.040774548130753846e-04 4.412327275456335137e-05 -1.246917520518096780e-04 -3.778878963935012784e-05 -1.191996427246311345e-04 5.374808850251557924e-05 -9.123614264511055905e-06 -1.841447326268145655e-04 1.364075501803199057e-04 -1.428844672290509636e-04 -9.415015247730550586e-05 -2.470832576791568096e-06 8.733207094913615019e-06 -4.788667030221706083e-05 3.655073802012060986e-05 -2.779466501825544140e-05 1.681819307124756433e-04 -2.858779611616269471e-05 2.381302373920033246e-04 -5.989966088162261071e-05 2.286531662336524750e-05 -4.089799479664114526e-05 -5.845251024187081900e-04 -7.241911578076914332e-06 2.003046148557449147e-06 1.705861522774518475e-07 -3.412650654261179125e-04 -1.005918712098774804e-05 -1.848991545325373871e-05 -1.241413078782141639e-04 2.426868373331365165e-06 3.863467847694188593e-04 -8.372165648311407911e-05 2.419657513620129837e-05 -1.171579030342046948e-05 9.489859572084299866e-04 -8.588473181055206423e-05 -3.879470348240376398e-06 3.563981433140882564e-05
2.570457131711480908e-02 -2.301550785309154890e+02 -2.101959667258472032e-03 -2.037911843113003840e+01 -2.380376731167153648e-01 -6.598857387943893316e-02 -1.174583269387148750e-03 -2.525112146562617007e-03 -7.739181367159561753e-06 -2.743203857257235992e-02 -1.391750434032811620e-03 -3.058605868286043590e-03 3.775816537917139198e-02 -1.805808985670187140e-05 -2.150277817112307855e-03 -7.226965696505024354e-04 -9.682589139026247455e-04 -2.096681520314699454e-04 -1.567711471242519026e-04 -2.813508248008832809e-04 -4.446327087625114439e-04 -4.697212340316646371e-04 1.772245318129331781e-05 -2.272453198879604641e-04 1.410622887397366791e-03 2.109442552925847904e-03 -4.164897244417336067e-03 3.163177163523849499e-03 -6.191345093727349891e-05 7.524235385749858266e-05 9.309481546596776614e-04 9.044911441136922227e-04 2.315218946319222356e-06 -6.136273820943425467e-04 6.015566096484219400e-05 -8.142822553180672465e-05 6.198228319477689112e-05 -3.338886995934985417e-04 3.297413840633429526e-03 -1.182295093003445456e-05 -3.313607766750531220e-03 5.940177940632516366e-04 -6.727426866772040753e-04 -1.365875087765560780e-03 -2.102760481984368608e-03 -2.601589962572243122e-04 -1.717660325179091909e-04 7.524627070157148198e-03 2.953849363463328156e-03 -4.099425820661794888e-03 4.560996155059319330e-04 -6.698308617958908910e-04 -2.158016998479189968e-03 -8.617843586080003787e-04 1.432561163819672401e-03 -4.508555778810240718e-04 -1.077146781832680157e-03 6.994395171062000325e-04 2.577860373961306543e-04 1.356749843047347403e-04 6.264889048411623066e-04 1.052772501412847003e-03 -1.896066623738416348e-04 -1.625329728184755776e-03 -1.805329957134159467e-05 -5.367314025172265622e-05 1.771270667437194787e-04 -3.595712041622543397e-05 -1.160685593658883396e-04 -8.276544679558583766e-05 -3.697289523063492780e-05 -1.322038295942048092e-04 -4.222821778355102947e-05 -4.562456618249136861e-06 -2.535126148760251445e-05 -3.482152586683440946e-05 -7.416475962588308659e-05 -1.445779763452530737e-05 -1.289863561191797254e-06 2.101105515557111233e-05 4.395930079568858596e-05 -1.612089937222636272e-05 2.586562603965064525e-04 -1.831780774738086458e-05 -3.202761986515721964e-05 -1.793977928554649199e-05 -3.299936483195580421e-05 -5.902649476187259864e-06 -2.106617473770000851e-05 -6.435739357609168189e-04 -5.000394947577657838e-06 -1.676822629550709577e-05 -3.525467391080880825e-05 -1.396512702369459612e-04 -7.480250597843660510e-05 -1.058820695095757215e-05 -3.241194777613285642e-05 1.800297027458221127e-05 -9.887676559715208779e-05 1.456380438014604688e-04 1.155365246862085564e-05 1.047796778673547714e-05 1.349230874606349891e-03 -4.562870198246831994e-05 -1.912898425321710692e-05 -9.702710921980987728e-05
5.273914681998239339e-03 -7.772482569184814949e+00 1.472837072311372019e-05 1.618141536820222048e-01 -2.520540022776693659e-02 -2.902324913119203910e-03 -1.116552523838020804e-05 -2.821442339083638908e-05 -1.288329835198223636e-07 -3.445638144237151410e-04 -9.297446977346217692e-06 -3.459165607506238180e-05 -1.805808985670187140e-05 4.774335647604641781e-04 -3.141377581492291648e-05 -1.687712084109171869e-05 -2.155805257564879666e-05 -7.901756322547871971e-06 -3.027575112715869855e-06 -6.012205897590040094e-06 2.248595680222414964e-05 -9.490696452625448152e-06 1.814857969036711593e-05 -1.975439080637630542e-05 -5.999322599239080957e-05 -1.889550424958616864e-06 1.370338164112536248e-04 -1.498757041613673285e-05 -1.030663868158562815e-06 -2.791381309594866510e-06 -1.235416288394739233e-05 -7.682740250565557041e-05 -2.791381309597847219e-07 1.128086143315976586e-04 2.673744525831776999e-05 -6.079076350939555129e-05 -1.850900529900416740e-05 1.686024985517121846e-05 3.862075426205294117e-05 -1.717773113597582458e-07 -2.752271296741362489e-05 -4.006705787467628458e-05 1.881452351708739264e-04 9.387936811001407935e-06 1.334341615003231753e-07 -2.790921191797260419e-05 -2.834325637435604744e-06 -4.352407626579544222e-05 -8.481504748391853420e-06 -5.114669445739342726e-05 -1.230354992614824270e-05 9.216159499658695698e-06 -3.154260879842368516e-05 -4.469277547347586432e-06 -1.441641085587444429e-04 -1.801514552885835914e-05 7.399461059420294883e-05 5.914047433967273562e-06 8.673987360668377624e-05 -5.410985307834521964e-06 1.954427034514769429e-05 -1.839704330143917266e-05 -4.852709045911795205e-06 9.116467310026690944e-06 -1.503051474398323916e-07 -1.696300949678317448e-06 -1.095080359918598246e-06 -1.116552523839196909e-06 -1.331274163038665832e-06 -1.352746326958785710e-06 -5.153319340792764313e-07 -1.975439080636922676e-06 -1.138024687758692947e-06 -3.435546227195176032e-07 -1.717773113597586693e-06 -4.294432783993966732e-07 -1.159496851678317734e-06 -7.085814093588092829e-07 -2.147216391997083620e-08 -1.932494752798726176e-07 -2.791381309597337411e-07 -1.932494752798462537e-07 -1.116552523838988539e-06 -4.723876062397516249e-07 -4.079711144794394259e-07 -8.588865567987945110e-07 -1.460107146558862267e-06 -7.085814093589310439e-07 -3.006102948796146495e-07 -1.161644068070230089e-05 -6.012205897594465629e-07 -2.791381309597389291e-07 -5.368040979994732830e-07 3.139690482897149616e-05 -9.447752124792023413e-07 -6.441649175991566049e-07 -2.018383408478061557e-06 -1.932494752798051462e-07 -1.245385507358768657e-06 -5.582762619196360417e-07 -3.006102948796368841e-07 -3.435546227195212031e-07 1.863323710455699582e-05 -1.202441179518879997e-06 -1.932494752799543298e-07 -8.610337731911849743e-06
